coef =

   -0.9499
    6.1299
   12.7861