coef =

   -0.0332
   -0.2567
    1.0069
   -4.2203